digraph Tree {
node [shape=box] ;
0 [label="X[5] <= 115.736\ngini = 0.697\nsamples = 53\nvalue = [[28, 2, 2, 2, 1, 2, 1, 1, 1, 1, 1, 1, 1, 1\n 1, 1, 2, 1, 1, 1, 1, 0, 0, 0, 0, 0]\n[28, 1, 1, 1, 1, 1, 1, 1, 1, 1, 1, 1, 1, 1\n 1, 1, 1, 1, 1, 1, 1, 1, 1, 1, 1, 1]\n[30, 1, 1, 1, 1, 1, 1, 1, 1, 1, 1, 2, 1, 1\n 1, 1, 1, 1, 1, 1, 1, 1, 1, 0, 0, 0]]"] ;
1 [label="X[1] <= 356.716\ngini = 0.661\nsamples = 50\nvalue = [[28, 1, 2, 2, 1, 1, 1, 1, 1, 1, 1, 0, 1, 1\n 1, 1, 2, 1, 1, 1, 1, 0, 0, 0, 0, 0]\n[28, 1, 0, 1, 1, 1, 1, 1, 1, 1, 0, 1, 1, 1\n 1, 1, 1, 1, 1, 1, 0, 1, 1, 1, 1, 1]\n[30, 1, 1, 0, 1, 1, 1, 1, 1, 1, 0, 2, 1, 1\n 1, 0, 1, 1, 1, 1, 1, 1, 1, 0, 0, 0]]"] ;
0 -> 1 [labeldistance=2.5, labelangle=45, headlabel="True"] ;
2 [label="X[0] <= 180.022\ngini = 0.621\nsamples = 46\nvalue = [[28, 1, 2, 0, 1, 1, 1, 0, 1, 1, 1, 0, 1, 1\n 1, 1, 1, 1, 1, 1, 1, 0, 0, 0, 0, 0]\n[28, 1, 0, 0, 1, 1, 1, 1, 1, 1, 0, 1, 1, 0\n 0, 1, 1, 1, 1, 1, 0, 1, 1, 1, 0, 1]\n[28, 1, 0, 0, 1, 1, 1, 1, 1, 1, 0, 1, 1, 1\n 1, 0, 1, 1, 1, 1, 1, 1, 1, 0, 0, 0]]"] ;
1 -> 2 ;
3 [label="X[4] <= -0.051\ngini = 0.788\nsamples = 21\nvalue = [[9, 1, 1, 0, 1, 1, 1, 0, 1, 0, 0, 0, 1, 1\n 0, 1, 1, 0, 1, 1, 0, 0, 0, 0, 0, 0]\n[10, 1, 0, 0, 0, 1, 1, 0, 0, 0, 0, 1, 1, 0\n 0, 1, 1, 0, 1, 1, 0, 0, 0, 1, 0, 1]\n[8, 1, 0, 0, 1, 1, 1, 0, 0, 1, 0, 1, 1, 0\n 1, 0, 1, 1, 0, 0, 1, 1, 1, 0, 0, 0]]"] ;
2 -> 3 ;
4 [label="X[2] <= 180.043\ngini = 0.844\nsamples = 7\nvalue = [[0, 1, 1, 0, 1, 1, 0, 0, 0, 0, 0, 0, 1, 0\n 0, 1, 1, 0, 0, 0, 0, 0, 0, 0, 0, 0]\n[2, 0, 0, 0, 0, 0, 1, 0, 0, 0, 0, 0, 1, 0\n 0, 1, 1, 0, 1, 0, 0, 0, 0, 0, 0, 0]\n[0, 1, 0, 0, 1, 0, 0, 0, 0, 1, 0, 1, 1, 0\n 0, 0, 0, 0, 0, 0, 1, 0, 1, 0, 0, 0]]"] ;
3 -> 4 ;
5 [label="X[6] <= -0.072\ngini = 0.8\nsamples = 5\nvalue = [[0, 0, 0, 0, 1, 1, 0, 0, 0, 0, 0, 0, 1, 0\n 0, 1, 1, 0, 0, 0, 0, 0, 0, 0, 0, 0]\n[0, 0, 0, 0, 0, 0, 1, 0, 0, 0, 0, 0, 1, 0\n 0, 1, 1, 0, 1, 0, 0, 0, 0, 0, 0, 0]\n[0, 0, 0, 0, 0, 0, 0, 0, 0, 1, 0, 1, 1, 0\n 0, 0, 0, 0, 0, 0, 1, 0, 1, 0, 0, 0]]"] ;
4 -> 5 ;
6 [label="gini = 0.0\nsamples = 1\nvalue = [[0, 0, 0, 0, 0, 0, 0, 0, 0, 0, 0, 0, 1, 0\n 0, 0, 0, 0, 0, 0, 0, 0, 0, 0, 0, 0]\n[0, 0, 0, 0, 0, 0, 0, 0, 0, 0, 0, 0, 1, 0\n 0, 0, 0, 0, 0, 0, 0, 0, 0, 0, 0, 0]\n[0, 0, 0, 0, 0, 0, 0, 0, 0, 0, 0, 1, 0, 0\n 0, 0, 0, 0, 0, 0, 0, 0, 0, 0, 0, 0]]"] ;
5 -> 6 ;
7 [label="X[4] <= -90.075\ngini = 0.75\nsamples = 4\nvalue = [[0, 0, 0, 0, 1, 1, 0, 0, 0, 0, 0, 0, 0, 0\n 0, 1, 1, 0, 0, 0, 0, 0, 0, 0, 0, 0]\n[0, 0, 0, 0, 0, 0, 1, 0, 0, 0, 0, 0, 0, 0\n 0, 1, 1, 0, 1, 0, 0, 0, 0, 0, 0, 0]\n[0, 0, 0, 0, 0, 0, 0, 0, 0, 1, 0, 0, 1, 0\n 0, 0, 0, 0, 0, 0, 1, 0, 1, 0, 0, 0]]"] ;
5 -> 7 ;
8 [label="gini = 0.0\nsamples = 1\nvalue = [[0, 0, 0, 0, 1, 0, 0, 0, 0, 0, 0, 0, 0, 0\n 0, 0, 0, 0, 0, 0, 0, 0, 0, 0, 0, 0]\n[0, 0, 0, 0, 0, 0, 1, 0, 0, 0, 0, 0, 0, 0\n 0, 0, 0, 0, 0, 0, 0, 0, 0, 0, 0, 0]\n[0, 0, 0, 0, 0, 0, 0, 0, 0, 0, 0, 0, 0, 0\n 0, 0, 0, 0, 0, 0, 1, 0, 0, 0, 0, 0]]"] ;
7 -> 8 ;
9 [label="X[3] <= 179.929\ngini = 0.667\nsamples = 3\nvalue = [[0, 0, 0, 0, 0, 1, 0, 0, 0, 0, 0, 0, 0, 0\n 0, 1, 1, 0, 0, 0, 0, 0, 0, 0, 0, 0]\n[0, 0, 0, 0, 0, 0, 0, 0, 0, 0, 0, 0, 0, 0\n 0, 1, 1, 0, 1, 0, 0, 0, 0, 0, 0, 0]\n[0, 0, 0, 0, 0, 0, 0, 0, 0, 1, 0, 0, 1, 0\n 0, 0, 0, 0, 0, 0, 0, 0, 1, 0, 0, 0]]"] ;
7 -> 9 ;
10 [label="gini = 0.0\nsamples = 1\nvalue = [[0, 0, 0, 0, 0, 0, 0, 0, 0, 0, 0, 0, 0, 0\n 0, 1, 0, 0, 0, 0, 0, 0, 0, 0, 0, 0]\n[0, 0, 0, 0, 0, 0, 0, 0, 0, 0, 0, 0, 0, 0\n 0, 1, 0, 0, 0, 0, 0, 0, 0, 0, 0, 0]\n[0, 0, 0, 0, 0, 0, 0, 0, 0, 1, 0, 0, 0, 0\n 0, 0, 0, 0, 0, 0, 0, 0, 0, 0, 0, 0]]"] ;
9 -> 10 ;
11 [label="X[5] <= -0.067\ngini = 0.5\nsamples = 2\nvalue = [[0, 0, 0, 0, 0, 1, 0, 0, 0, 0, 0, 0, 0, 0\n 0, 0, 1, 0, 0, 0, 0, 0, 0, 0, 0, 0]\n[0, 0, 0, 0, 0, 0, 0, 0, 0, 0, 0, 0, 0, 0\n 0, 0, 1, 0, 1, 0, 0, 0, 0, 0, 0, 0]\n[0, 0, 0, 0, 0, 0, 0, 0, 0, 0, 0, 0, 1, 0\n 0, 0, 0, 0, 0, 0, 0, 0, 1, 0, 0, 0]]"] ;
9 -> 11 ;
12 [label="gini = 0.0\nsamples = 1\nvalue = [[0, 0, 0, 0, 0, 1, 0, 0, 0, 0, 0, 0, 0, 0\n 0, 0, 0, 0, 0, 0, 0, 0, 0, 0, 0, 0]\n[0, 0, 0, 0, 0, 0, 0, 0, 0, 0, 0, 0, 0, 0\n 0, 0, 0, 0, 1, 0, 0, 0, 0, 0, 0, 0]\n[0, 0, 0, 0, 0, 0, 0, 0, 0, 0, 0, 0, 1, 0\n 0, 0, 0, 0, 0, 0, 0, 0, 0, 0, 0, 0]]"] ;
11 -> 12 ;
13 [label="gini = 0.0\nsamples = 1\nvalue = [[0, 0, 0, 0, 0, 0, 0, 0, 0, 0, 0, 0, 0, 0\n 0, 0, 1, 0, 0, 0, 0, 0, 0, 0, 0, 0]\n[0, 0, 0, 0, 0, 0, 0, 0, 0, 0, 0, 0, 0, 0\n 0, 0, 1, 0, 0, 0, 0, 0, 0, 0, 0, 0]\n[0, 0, 0, 0, 0, 0, 0, 0, 0, 0, 0, 0, 0, 0\n 0, 0, 0, 0, 0, 0, 0, 0, 1, 0, 0, 0]]"] ;
11 -> 13 ;
14 [label="X[7] <= -0.037\ngini = 0.333\nsamples = 2\nvalue = [[0, 1, 1, 0, 0, 0, 0, 0, 0, 0, 0, 0, 0, 0\n 0, 0, 0, 0, 0, 0, 0, 0, 0, 0, 0, 0]\n[2, 0, 0, 0, 0, 0, 0, 0, 0, 0, 0, 0, 0, 0\n 0, 0, 0, 0, 0, 0, 0, 0, 0, 0, 0, 0]\n[0, 1, 0, 0, 1, 0, 0, 0, 0, 0, 0, 0, 0, 0\n 0, 0, 0, 0, 0, 0, 0, 0, 0, 0, 0, 0]]"] ;
4 -> 14 ;
15 [label="gini = 0.0\nsamples = 1\nvalue = [[0, 1, 0, 0, 0, 0, 0, 0, 0, 0, 0, 0, 0, 0\n 0, 0, 0, 0, 0, 0, 0, 0, 0, 0, 0, 0]\n[1, 0, 0, 0, 0, 0, 0, 0, 0, 0, 0, 0, 0, 0\n 0, 0, 0, 0, 0, 0, 0, 0, 0, 0, 0, 0]\n[0, 1, 0, 0, 0, 0, 0, 0, 0, 0, 0, 0, 0, 0\n 0, 0, 0, 0, 0, 0, 0, 0, 0, 0, 0, 0]]"] ;
14 -> 15 ;
16 [label="gini = 0.0\nsamples = 1\nvalue = [[0, 0, 1, 0, 0, 0, 0, 0, 0, 0, 0, 0, 0, 0\n 0, 0, 0, 0, 0, 0, 0, 0, 0, 0, 0, 0]\n[1, 0, 0, 0, 0, 0, 0, 0, 0, 0, 0, 0, 0, 0\n 0, 0, 0, 0, 0, 0, 0, 0, 0, 0, 0, 0]\n[0, 0, 0, 0, 1, 0, 0, 0, 0, 0, 0, 0, 0, 0\n 0, 0, 0, 0, 0, 0, 0, 0, 0, 0, 0, 0]]"] ;
14 -> 16 ;
17 [label="X[5] <= 0.028\ngini = 0.616\nsamples = 14\nvalue = [[9, 0, 0, 0, 0, 0, 1, 0, 1, 0, 0, 0, 0, 1\n 0, 0, 0, 0, 1, 1, 0, 0, 0, 0, 0, 0]\n[8, 1, 0, 0, 0, 1, 0, 0, 0, 0, 0, 1, 0, 0\n 0, 0, 0, 0, 0, 1, 0, 0, 0, 1, 0, 1]\n[8, 0, 0, 0, 0, 1, 1, 0, 0, 0, 0, 0, 0, 0\n 1, 0, 1, 1, 0, 0, 0, 1, 0, 0, 0, 0]]"] ;
3 -> 17 ;
18 [label="X[2] <= 180.069\ngini = 0.313\nsamples = 9\nvalue = [[8, 0, 0, 0, 0, 0, 1, 0, 0, 0, 0, 0, 0, 0\n 0, 0, 0, 0, 0, 0, 0, 0, 0, 0, 0, 0]\n[7, 1, 0, 0, 0, 0, 0, 0, 0, 0, 0, 1, 0, 0\n 0, 0, 0, 0, 0, 0, 0, 0, 0, 0, 0, 0]\n[7, 0, 0, 0, 0, 1, 1, 0, 0, 0, 0, 0, 0, 0\n 0, 0, 0, 0, 0, 0, 0, 0, 0, 0, 0, 0]]"] ;
17 -> 18 ;
19 [label="X[5] <= -0.019\ngini = 0.163\nsamples = 7\nvalue = [[7, 0, 0, 0, 0, 0, 0, 0, 0, 0, 0, 0, 0, 0\n 0, 0, 0, 0, 0, 0, 0, 0, 0, 0, 0, 0]\n[6, 1, 0, 0, 0, 0, 0, 0, 0, 0, 0, 0, 0, 0\n 0, 0, 0, 0, 0, 0, 0, 0, 0, 0, 0, 0]\n[6, 0, 0, 0, 0, 0, 1, 0, 0, 0, 0, 0, 0, 0\n 0, 0, 0, 0, 0, 0, 0, 0, 0, 0, 0, 0]]"] ;
18 -> 19 ;
20 [label="X[2] <= 89.961\ngini = 0.333\nsamples = 2\nvalue = [[2, 0, 0, 0, 0, 0, 0, 0, 0, 0, 0, 0, 0, 0\n 0, 0, 0, 0, 0, 0, 0, 0, 0, 0, 0, 0]\n[1, 1, 0, 0, 0, 0, 0, 0, 0, 0, 0, 0, 0, 0\n 0, 0, 0, 0, 0, 0, 0, 0, 0, 0, 0, 0]\n[1, 0, 0, 0, 0, 0, 1, 0, 0, 0, 0, 0, 0, 0\n 0, 0, 0, 0, 0, 0, 0, 0, 0, 0, 0, 0]]"] ;
19 -> 20 ;
21 [label="gini = 0.0\nsamples = 1\nvalue = [[1, 0, 0, 0, 0, 0, 0, 0, 0, 0, 0, 0, 0, 0\n 0, 0, 0, 0, 0, 0, 0, 0, 0, 0, 0, 0]\n[1, 0, 0, 0, 0, 0, 0, 0, 0, 0, 0, 0, 0, 0\n 0, 0, 0, 0, 0, 0, 0, 0, 0, 0, 0, 0]\n[1, 0, 0, 0, 0, 0, 0, 0, 0, 0, 0, 0, 0, 0\n 0, 0, 0, 0, 0, 0, 0, 0, 0, 0, 0, 0]]"] ;
20 -> 21 ;
22 [label="gini = 0.0\nsamples = 1\nvalue = [[1, 0, 0, 0, 0, 0, 0, 0, 0, 0, 0, 0, 0, 0\n 0, 0, 0, 0, 0, 0, 0, 0, 0, 0, 0, 0]\n[0, 1, 0, 0, 0, 0, 0, 0, 0, 0, 0, 0, 0, 0\n 0, 0, 0, 0, 0, 0, 0, 0, 0, 0, 0, 0]\n[0, 0, 0, 0, 0, 0, 1, 0, 0, 0, 0, 0, 0, 0\n 0, 0, 0, 0, 0, 0, 0, 0, 0, 0, 0, 0]]"] ;
20 -> 22 ;
23 [label="gini = 0.0\nsamples = 5\nvalue = [[5, 0, 0, 0, 0, 0, 0, 0, 0, 0, 0, 0, 0, 0\n 0, 0, 0, 0, 0, 0, 0, 0, 0, 0, 0, 0]\n[5, 0, 0, 0, 0, 0, 0, 0, 0, 0, 0, 0, 0, 0\n 0, 0, 0, 0, 0, 0, 0, 0, 0, 0, 0, 0]\n[5, 0, 0, 0, 0, 0, 0, 0, 0, 0, 0, 0, 0, 0\n 0, 0, 0, 0, 0, 0, 0, 0, 0, 0, 0, 0]]"] ;
19 -> 23 ;
24 [label="X[3] <= 180.133\ngini = 0.5\nsamples = 2\nvalue = [[1, 0, 0, 0, 0, 0, 1, 0, 0, 0, 0, 0, 0, 0\n 0, 0, 0, 0, 0, 0, 0, 0, 0, 0, 0, 0]\n[1, 0, 0, 0, 0, 0, 0, 0, 0, 0, 0, 1, 0, 0\n 0, 0, 0, 0, 0, 0, 0, 0, 0, 0, 0, 0]\n[1, 0, 0, 0, 0, 1, 0, 0, 0, 0, 0, 0, 0, 0\n 0, 0, 0, 0, 0, 0, 0, 0, 0, 0, 0, 0]]"] ;
18 -> 24 ;
25 [label="gini = 0.0\nsamples = 1\nvalue = [[0, 0, 0, 0, 0, 0, 1, 0, 0, 0, 0, 0, 0, 0\n 0, 0, 0, 0, 0, 0, 0, 0, 0, 0, 0, 0]\n[0, 0, 0, 0, 0, 0, 0, 0, 0, 0, 0, 1, 0, 0\n 0, 0, 0, 0, 0, 0, 0, 0, 0, 0, 0, 0]\n[0, 0, 0, 0, 0, 1, 0, 0, 0, 0, 0, 0, 0, 0\n 0, 0, 0, 0, 0, 0, 0, 0, 0, 0, 0, 0]]"] ;
24 -> 25 ;
26 [label="gini = 0.0\nsamples = 1\nvalue = [[1, 0, 0, 0, 0, 0, 0, 0, 0, 0, 0, 0, 0, 0\n 0, 0, 0, 0, 0, 0, 0, 0, 0, 0, 0, 0]\n[1, 0, 0, 0, 0, 0, 0, 0, 0, 0, 0, 0, 0, 0\n 0, 0, 0, 0, 0, 0, 0, 0, 0, 0, 0, 0]\n[1, 0, 0, 0, 0, 0, 0, 0, 0, 0, 0, 0, 0, 0\n 0, 0, 0, 0, 0, 0, 0, 0, 0, 0, 0, 0]]"] ;
24 -> 26 ;
27 [label="X[1] <= 179.737\ngini = 0.8\nsamples = 5\nvalue = [[1, 0, 0, 0, 0, 0, 0, 0, 1, 0, 0, 0, 0, 1\n 0, 0, 0, 0, 1, 1, 0, 0, 0, 0, 0, 0]\n[1, 0, 0, 0, 0, 1, 0, 0, 0, 0, 0, 0, 0, 0\n 0, 0, 0, 0, 0, 1, 0, 0, 0, 1, 0, 1]\n[1, 0, 0, 0, 0, 0, 0, 0, 0, 0, 0, 0, 0, 0\n 1, 0, 1, 1, 0, 0, 0, 1, 0, 0, 0, 0]]"] ;
17 -> 27 ;
28 [label="gini = 0.0\nsamples = 1\nvalue = [[1, 0, 0, 0, 0, 0, 0, 0, 0, 0, 0, 0, 0, 0\n 0, 0, 0, 0, 0, 0, 0, 0, 0, 0, 0, 0]\n[1, 0, 0, 0, 0, 0, 0, 0, 0, 0, 0, 0, 0, 0\n 0, 0, 0, 0, 0, 0, 0, 0, 0, 0, 0, 0]\n[1, 0, 0, 0, 0, 0, 0, 0, 0, 0, 0, 0, 0, 0\n 0, 0, 0, 0, 0, 0, 0, 0, 0, 0, 0, 0]]"] ;
27 -> 28 ;
29 [label="X[1] <= 179.79\ngini = 0.75\nsamples = 4\nvalue = [[0, 0, 0, 0, 0, 0, 0, 0, 1, 0, 0, 0, 0, 1\n 0, 0, 0, 0, 1, 1, 0, 0, 0, 0, 0, 0]\n[0, 0, 0, 0, 0, 1, 0, 0, 0, 0, 0, 0, 0, 0\n 0, 0, 0, 0, 0, 1, 0, 0, 0, 1, 0, 1]\n[0, 0, 0, 0, 0, 0, 0, 0, 0, 0, 0, 0, 0, 0\n 1, 0, 1, 1, 0, 0, 0, 1, 0, 0, 0, 0]]"] ;
27 -> 29 ;
30 [label="gini = 0.0\nsamples = 1\nvalue = [[0, 0, 0, 0, 0, 0, 0, 0, 0, 0, 0, 0, 0, 0\n 0, 0, 0, 0, 1, 0, 0, 0, 0, 0, 0, 0]\n[0, 0, 0, 0, 0, 0, 0, 0, 0, 0, 0, 0, 0, 0\n 0, 0, 0, 0, 0, 0, 0, 0, 0, 0, 0, 1]\n[0, 0, 0, 0, 0, 0, 0, 0, 0, 0, 0, 0, 0, 0\n 0, 0, 0, 1, 0, 0, 0, 0, 0, 0, 0, 0]]"] ;
29 -> 30 ;
31 [label="X[0] <= 179.796\ngini = 0.667\nsamples = 3\nvalue = [[0, 0, 0, 0, 0, 0, 0, 0, 1, 0, 0, 0, 0, 1\n 0, 0, 0, 0, 0, 1, 0, 0, 0, 0, 0, 0]\n[0, 0, 0, 0, 0, 1, 0, 0, 0, 0, 0, 0, 0, 0\n 0, 0, 0, 0, 0, 1, 0, 0, 0, 1, 0, 0]\n[0, 0, 0, 0, 0, 0, 0, 0, 0, 0, 0, 0, 0, 0\n 1, 0, 1, 0, 0, 0, 0, 1, 0, 0, 0, 0]]"] ;
29 -> 31 ;
32 [label="gini = 0.0\nsamples = 1\nvalue = [[0, 0, 0, 0, 0, 0, 0, 0, 0, 0, 0, 0, 0, 0\n 0, 0, 0, 0, 0, 1, 0, 0, 0, 0, 0, 0]\n[0, 0, 0, 0, 0, 0, 0, 0, 0, 0, 0, 0, 0, 0\n 0, 0, 0, 0, 0, 0, 0, 0, 0, 1, 0, 0]\n[0, 0, 0, 0, 0, 0, 0, 0, 0, 0, 0, 0, 0, 0\n 0, 0, 0, 0, 0, 0, 0, 1, 0, 0, 0, 0]]"] ;
31 -> 32 ;
33 [label="X[0] <= 179.898\ngini = 0.5\nsamples = 2\nvalue = [[0, 0, 0, 0, 0, 0, 0, 0, 1, 0, 0, 0, 0, 1\n 0, 0, 0, 0, 0, 0, 0, 0, 0, 0, 0, 0]\n[0, 0, 0, 0, 0, 1, 0, 0, 0, 0, 0, 0, 0, 0\n 0, 0, 0, 0, 0, 1, 0, 0, 0, 0, 0, 0]\n[0, 0, 0, 0, 0, 0, 0, 0, 0, 0, 0, 0, 0, 0\n 1, 0, 1, 0, 0, 0, 0, 0, 0, 0, 0, 0]]"] ;
31 -> 33 ;
34 [label="gini = 0.0\nsamples = 1\nvalue = [[0, 0, 0, 0, 0, 0, 0, 0, 0, 0, 0, 0, 0, 1\n 0, 0, 0, 0, 0, 0, 0, 0, 0, 0, 0, 0]\n[0, 0, 0, 0, 0, 0, 0, 0, 0, 0, 0, 0, 0, 0\n 0, 0, 0, 0, 0, 1, 0, 0, 0, 0, 0, 0]\n[0, 0, 0, 0, 0, 0, 0, 0, 0, 0, 0, 0, 0, 0\n 0, 0, 1, 0, 0, 0, 0, 0, 0, 0, 0, 0]]"] ;
33 -> 34 ;
35 [label="gini = 0.0\nsamples = 1\nvalue = [[0, 0, 0, 0, 0, 0, 0, 0, 1, 0, 0, 0, 0, 0\n 0, 0, 0, 0, 0, 0, 0, 0, 0, 0, 0, 0]\n[0, 0, 0, 0, 0, 1, 0, 0, 0, 0, 0, 0, 0, 0\n 0, 0, 0, 0, 0, 0, 0, 0, 0, 0, 0, 0]\n[0, 0, 0, 0, 0, 0, 0, 0, 0, 0, 0, 0, 0, 0\n 1, 0, 0, 0, 0, 0, 0, 0, 0, 0, 0, 0]]"] ;
33 -> 35 ;
36 [label="X[7] <= 0.087\ngini = 0.412\nsamples = 25\nvalue = [[19, 0, 1, 0, 0, 0, 0, 0, 0, 1, 1, 0, 0, 0\n 1, 0, 0, 1, 0, 0, 1, 0, 0, 0, 0, 0]\n[18, 0, 0, 0, 1, 0, 0, 1, 1, 1, 0, 0, 0, 0\n 0, 0, 0, 1, 0, 0, 0, 1, 1, 0, 0, 0]\n[20, 0, 0, 0, 0, 0, 0, 1, 1, 0, 0, 0, 0, 1\n 0, 0, 0, 0, 1, 1, 0, 0, 0, 0, 0, 0]]"] ;
2 -> 36 ;
37 [label="X[0] <= 359.347\ngini = 0.242\nsamples = 20\nvalue = [[17, 0, 1, 0, 0, 0, 0, 0, 0, 0, 1, 0, 0, 0\n 0, 0, 0, 0, 0, 0, 1, 0, 0, 0, 0, 0]\n[17, 0, 0, 0, 0, 0, 0, 1, 0, 1, 0, 0, 0, 0\n 0, 0, 0, 0, 0, 0, 0, 1, 0, 0, 0, 0]\n[18, 0, 0, 0, 0, 0, 0, 0, 1, 0, 0, 0, 0, 0\n 0, 0, 0, 0, 1, 0, 0, 0, 0, 0, 0, 0]]"] ;
36 -> 37 ;
38 [label="X[5] <= -0.754\ngini = 0.163\nsamples = 19\nvalue = [[17, 0, 1, 0, 0, 0, 0, 0, 0, 0, 0, 0, 0, 0\n 0, 0, 0, 0, 0, 0, 1, 0, 0, 0, 0, 0]\n[17, 0, 0, 0, 0, 0, 0, 0, 0, 1, 0, 0, 0, 0\n 0, 0, 0, 0, 0, 0, 0, 1, 0, 0, 0, 0]\n[18, 0, 0, 0, 0, 0, 0, 0, 1, 0, 0, 0, 0, 0\n 0, 0, 0, 0, 0, 0, 0, 0, 0, 0, 0, 0]]"] ;
37 -> 38 ;
39 [label="X[3] <= 179.931\ngini = 0.5\nsamples = 2\nvalue = [[1, 0, 0, 0, 0, 0, 0, 0, 0, 0, 0, 0, 0, 0\n 0, 0, 0, 0, 0, 0, 1, 0, 0, 0, 0, 0]\n[1, 0, 0, 0, 0, 0, 0, 0, 0, 0, 0, 0, 0, 0\n 0, 0, 0, 0, 0, 0, 0, 1, 0, 0, 0, 0]\n[1, 0, 0, 0, 0, 0, 0, 0, 1, 0, 0, 0, 0, 0\n 0, 0, 0, 0, 0, 0, 0, 0, 0, 0, 0, 0]]"] ;
38 -> 39 ;
40 [label="gini = 0.0\nsamples = 1\nvalue = [[1, 0, 0, 0, 0, 0, 0, 0, 0, 0, 0, 0, 0, 0\n 0, 0, 0, 0, 0, 0, 0, 0, 0, 0, 0, 0]\n[1, 0, 0, 0, 0, 0, 0, 0, 0, 0, 0, 0, 0, 0\n 0, 0, 0, 0, 0, 0, 0, 0, 0, 0, 0, 0]\n[1, 0, 0, 0, 0, 0, 0, 0, 0, 0, 0, 0, 0, 0\n 0, 0, 0, 0, 0, 0, 0, 0, 0, 0, 0, 0]]"] ;
39 -> 40 ;
41 [label="gini = 0.0\nsamples = 1\nvalue = [[0, 0, 0, 0, 0, 0, 0, 0, 0, 0, 0, 0, 0, 0\n 0, 0, 0, 0, 0, 0, 1, 0, 0, 0, 0, 0]\n[0, 0, 0, 0, 0, 0, 0, 0, 0, 0, 0, 0, 0, 0\n 0, 0, 0, 0, 0, 0, 0, 1, 0, 0, 0, 0]\n[0, 0, 0, 0, 0, 0, 0, 0, 1, 0, 0, 0, 0, 0\n 0, 0, 0, 0, 0, 0, 0, 0, 0, 0, 0, 0]]"] ;
39 -> 41 ;
42 [label="X[0] <= 180.028\ngini = 0.074\nsamples = 17\nvalue = [[16, 0, 1, 0, 0, 0, 0, 0, 0, 0, 0, 0, 0, 0\n 0, 0, 0, 0, 0, 0, 0, 0, 0, 0, 0, 0]\n[16, 0, 0, 0, 0, 0, 0, 0, 0, 1, 0, 0, 0, 0\n 0, 0, 0, 0, 0, 0, 0, 0, 0, 0, 0, 0]\n[17, 0, 0, 0, 0, 0, 0, 0, 0, 0, 0, 0, 0, 0\n 0, 0, 0, 0, 0, 0, 0, 0, 0, 0, 0, 0]]"] ;
38 -> 42 ;
43 [label="gini = 0.0\nsamples = 1\nvalue = [[0, 0, 1, 0, 0, 0, 0, 0, 0, 0, 0, 0, 0, 0\n 0, 0, 0, 0, 0, 0, 0, 0, 0, 0, 0, 0]\n[1, 0, 0, 0, 0, 0, 0, 0, 0, 0, 0, 0, 0, 0\n 0, 0, 0, 0, 0, 0, 0, 0, 0, 0, 0, 0]\n[1, 0, 0, 0, 0, 0, 0, 0, 0, 0, 0, 0, 0, 0\n 0, 0, 0, 0, 0, 0, 0, 0, 0, 0, 0, 0]]"] ;
42 -> 43 ;
44 [label="X[7] <= -0.383\ngini = 0.039\nsamples = 16\nvalue = [[16, 0, 0, 0, 0, 0, 0, 0, 0, 0, 0, 0, 0, 0\n 0, 0, 0, 0, 0, 0, 0, 0, 0, 0, 0, 0]\n[15, 0, 0, 0, 0, 0, 0, 0, 0, 1, 0, 0, 0, 0\n 0, 0, 0, 0, 0, 0, 0, 0, 0, 0, 0, 0]\n[16, 0, 0, 0, 0, 0, 0, 0, 0, 0, 0, 0, 0, 0\n 0, 0, 0, 0, 0, 0, 0, 0, 0, 0, 0, 0]]"] ;
42 -> 44 ;
45 [label="X[1] <= 180.52\ngini = 0.167\nsamples = 2\nvalue = [[2, 0, 0, 0, 0, 0, 0, 0, 0, 0, 0, 0, 0, 0\n 0, 0, 0, 0, 0, 0, 0, 0, 0, 0, 0, 0]\n[1, 0, 0, 0, 0, 0, 0, 0, 0, 1, 0, 0, 0, 0\n 0, 0, 0, 0, 0, 0, 0, 0, 0, 0, 0, 0]\n[2, 0, 0, 0, 0, 0, 0, 0, 0, 0, 0, 0, 0, 0\n 0, 0, 0, 0, 0, 0, 0, 0, 0, 0, 0, 0]]"] ;
44 -> 45 ;
46 [label="gini = 0.0\nsamples = 1\nvalue = [[1, 0, 0, 0, 0, 0, 0, 0, 0, 0, 0, 0, 0, 0\n 0, 0, 0, 0, 0, 0, 0, 0, 0, 0, 0, 0]\n[1, 0, 0, 0, 0, 0, 0, 0, 0, 0, 0, 0, 0, 0\n 0, 0, 0, 0, 0, 0, 0, 0, 0, 0, 0, 0]\n[1, 0, 0, 0, 0, 0, 0, 0, 0, 0, 0, 0, 0, 0\n 0, 0, 0, 0, 0, 0, 0, 0, 0, 0, 0, 0]]"] ;
45 -> 46 ;
47 [label="gini = 0.0\nsamples = 1\nvalue = [[1, 0, 0, 0, 0, 0, 0, 0, 0, 0, 0, 0, 0, 0\n 0, 0, 0, 0, 0, 0, 0, 0, 0, 0, 0, 0]\n[0, 0, 0, 0, 0, 0, 0, 0, 0, 1, 0, 0, 0, 0\n 0, 0, 0, 0, 0, 0, 0, 0, 0, 0, 0, 0]\n[1, 0, 0, 0, 0, 0, 0, 0, 0, 0, 0, 0, 0, 0\n 0, 0, 0, 0, 0, 0, 0, 0, 0, 0, 0, 0]]"] ;
45 -> 47 ;
48 [label="gini = 0.0\nsamples = 14\nvalue = [[14, 0, 0, 0, 0, 0, 0, 0, 0, 0, 0, 0, 0, 0\n 0, 0, 0, 0, 0, 0, 0, 0, 0, 0, 0, 0]\n[14, 0, 0, 0, 0, 0, 0, 0, 0, 0, 0, 0, 0, 0\n 0, 0, 0, 0, 0, 0, 0, 0, 0, 0, 0, 0]\n[14, 0, 0, 0, 0, 0, 0, 0, 0, 0, 0, 0, 0, 0\n 0, 0, 0, 0, 0, 0, 0, 0, 0, 0, 0, 0]]"] ;
44 -> 48 ;
49 [label="gini = 0.0\nsamples = 1\nvalue = [[0, 0, 0, 0, 0, 0, 0, 0, 0, 0, 1, 0, 0, 0\n 0, 0, 0, 0, 0, 0, 0, 0, 0, 0, 0, 0]\n[0, 0, 0, 0, 0, 0, 0, 1, 0, 0, 0, 0, 0, 0\n 0, 0, 0, 0, 0, 0, 0, 0, 0, 0, 0, 0]\n[0, 0, 0, 0, 0, 0, 0, 0, 0, 0, 0, 0, 0, 0\n 0, 0, 0, 0, 1, 0, 0, 0, 0, 0, 0, 0]]"] ;
37 -> 49 ;
50 [label="X[1] <= 180.018\ngini = 0.747\nsamples = 5\nvalue = [[2, 0, 0, 0, 0, 0, 0, 0, 0, 1, 0, 0, 0, 0\n 1, 0, 0, 1, 0, 0, 0, 0, 0, 0, 0, 0]\n[1, 0, 0, 0, 1, 0, 0, 0, 1, 0, 0, 0, 0, 0\n 0, 0, 0, 1, 0, 0, 0, 0, 1, 0, 0, 0]\n[2, 0, 0, 0, 0, 0, 0, 1, 0, 0, 0, 0, 0, 1\n 0, 0, 0, 0, 0, 1, 0, 0, 0, 0, 0, 0]]"] ;
36 -> 50 ;
51 [label="X[0] <= 180.197\ngini = 0.667\nsamples = 3\nvalue = [[0, 0, 0, 0, 0, 0, 0, 0, 0, 1, 0, 0, 0, 0\n 1, 0, 0, 1, 0, 0, 0, 0, 0, 0, 0, 0]\n[0, 0, 0, 0, 0, 0, 0, 0, 1, 0, 0, 0, 0, 0\n 0, 0, 0, 1, 0, 0, 0, 0, 1, 0, 0, 0]\n[0, 0, 0, 0, 0, 0, 0, 1, 0, 0, 0, 0, 0, 1\n 0, 0, 0, 0, 0, 1, 0, 0, 0, 0, 0, 0]]"] ;
50 -> 51 ;
52 [label="gini = 0.0\nsamples = 1\nvalue = [[0, 0, 0, 0, 0, 0, 0, 0, 0, 0, 0, 0, 0, 0\n 1, 0, 0, 0, 0, 0, 0, 0, 0, 0, 0, 0]\n[0, 0, 0, 0, 0, 0, 0, 0, 0, 0, 0, 0, 0, 0\n 0, 0, 0, 1, 0, 0, 0, 0, 0, 0, 0, 0]\n[0, 0, 0, 0, 0, 0, 0, 0, 0, 0, 0, 0, 0, 0\n 0, 0, 0, 0, 0, 1, 0, 0, 0, 0, 0, 0]]"] ;
51 -> 52 ;
53 [label="X[7] <= 0.322\ngini = 0.5\nsamples = 2\nvalue = [[0, 0, 0, 0, 0, 0, 0, 0, 0, 1, 0, 0, 0, 0\n 0, 0, 0, 1, 0, 0, 0, 0, 0, 0, 0, 0]\n[0, 0, 0, 0, 0, 0, 0, 0, 1, 0, 0, 0, 0, 0\n 0, 0, 0, 0, 0, 0, 0, 0, 1, 0, 0, 0]\n[0, 0, 0, 0, 0, 0, 0, 1, 0, 0, 0, 0, 0, 1\n 0, 0, 0, 0, 0, 0, 0, 0, 0, 0, 0, 0]]"] ;
51 -> 53 ;
54 [label="gini = 0.0\nsamples = 1\nvalue = [[0, 0, 0, 0, 0, 0, 0, 0, 0, 1, 0, 0, 0, 0\n 0, 0, 0, 0, 0, 0, 0, 0, 0, 0, 0, 0]\n[0, 0, 0, 0, 0, 0, 0, 0, 1, 0, 0, 0, 0, 0\n 0, 0, 0, 0, 0, 0, 0, 0, 0, 0, 0, 0]\n[0, 0, 0, 0, 0, 0, 0, 1, 0, 0, 0, 0, 0, 0\n 0, 0, 0, 0, 0, 0, 0, 0, 0, 0, 0, 0]]"] ;
53 -> 54 ;
55 [label="gini = 0.0\nsamples = 1\nvalue = [[0, 0, 0, 0, 0, 0, 0, 0, 0, 0, 0, 0, 0, 0\n 0, 0, 0, 1, 0, 0, 0, 0, 0, 0, 0, 0]\n[0, 0, 0, 0, 0, 0, 0, 0, 0, 0, 0, 0, 0, 0\n 0, 0, 0, 0, 0, 0, 0, 0, 1, 0, 0, 0]\n[0, 0, 0, 0, 0, 0, 0, 0, 0, 0, 0, 0, 0, 1\n 0, 0, 0, 0, 0, 0, 0, 0, 0, 0, 0, 0]]"] ;
53 -> 55 ;
56 [label="X[1] <= 180.811\ngini = 0.167\nsamples = 2\nvalue = [[2, 0, 0, 0, 0, 0, 0, 0, 0, 0, 0, 0, 0, 0\n 0, 0, 0, 0, 0, 0, 0, 0, 0, 0, 0, 0]\n[1, 0, 0, 0, 1, 0, 0, 0, 0, 0, 0, 0, 0, 0\n 0, 0, 0, 0, 0, 0, 0, 0, 0, 0, 0, 0]\n[2, 0, 0, 0, 0, 0, 0, 0, 0, 0, 0, 0, 0, 0\n 0, 0, 0, 0, 0, 0, 0, 0, 0, 0, 0, 0]]"] ;
50 -> 56 ;
57 [label="gini = 0.0\nsamples = 1\nvalue = [[1, 0, 0, 0, 0, 0, 0, 0, 0, 0, 0, 0, 0, 0\n 0, 0, 0, 0, 0, 0, 0, 0, 0, 0, 0, 0]\n[1, 0, 0, 0, 0, 0, 0, 0, 0, 0, 0, 0, 0, 0\n 0, 0, 0, 0, 0, 0, 0, 0, 0, 0, 0, 0]\n[1, 0, 0, 0, 0, 0, 0, 0, 0, 0, 0, 0, 0, 0\n 0, 0, 0, 0, 0, 0, 0, 0, 0, 0, 0, 0]]"] ;
56 -> 57 ;
58 [label="gini = 0.0\nsamples = 1\nvalue = [[1, 0, 0, 0, 0, 0, 0, 0, 0, 0, 0, 0, 0, 0\n 0, 0, 0, 0, 0, 0, 0, 0, 0, 0, 0, 0]\n[0, 0, 0, 0, 1, 0, 0, 0, 0, 0, 0, 0, 0, 0\n 0, 0, 0, 0, 0, 0, 0, 0, 0, 0, 0, 0]\n[1, 0, 0, 0, 0, 0, 0, 0, 0, 0, 0, 0, 0, 0\n 0, 0, 0, 0, 0, 0, 0, 0, 0, 0, 0, 0]]"] ;
56 -> 58 ;
59 [label="X[4] <= -89.096\ngini = 0.667\nsamples = 4\nvalue = [[0, 0, 0, 2, 0, 0, 0, 1, 0, 0, 0, 0, 0, 0\n 0, 0, 1, 0, 0, 0, 0, 0, 0, 0, 0, 0]\n[0, 0, 0, 1, 0, 0, 0, 0, 0, 0, 0, 0, 0, 1\n 1, 0, 0, 0, 0, 0, 0, 0, 0, 0, 1, 0]\n[2, 0, 1, 0, 0, 0, 0, 0, 0, 0, 0, 1, 0, 0\n 0, 0, 0, 0, 0, 0, 0, 0, 0, 0, 0, 0]]"] ;
1 -> 59 ;
60 [label="gini = 0.0\nsamples = 1\nvalue = [[0, 0, 0, 0, 0, 0, 0, 0, 0, 0, 0, 0, 0, 0\n 0, 0, 1, 0, 0, 0, 0, 0, 0, 0, 0, 0]\n[0, 0, 0, 0, 0, 0, 0, 0, 0, 0, 0, 0, 0, 0\n 0, 0, 0, 0, 0, 0, 0, 0, 0, 0, 1, 0]\n[0, 0, 0, 0, 0, 0, 0, 0, 0, 0, 0, 1, 0, 0\n 0, 0, 0, 0, 0, 0, 0, 0, 0, 0, 0, 0]]"] ;
59 -> 60 ;
61 [label="X[4] <= -0.158\ngini = 0.519\nsamples = 3\nvalue = [[0, 0, 0, 2, 0, 0, 0, 1, 0, 0, 0, 0, 0, 0\n 0, 0, 0, 0, 0, 0, 0, 0, 0, 0, 0, 0]\n[0, 0, 0, 1, 0, 0, 0, 0, 0, 0, 0, 0, 0, 1\n 1, 0, 0, 0, 0, 0, 0, 0, 0, 0, 0, 0]\n[2, 0, 1, 0, 0, 0, 0, 0, 0, 0, 0, 0, 0, 0\n 0, 0, 0, 0, 0, 0, 0, 0, 0, 0, 0, 0]]"] ;
59 -> 61 ;
62 [label="gini = 0.0\nsamples = 1\nvalue = [[0, 0, 0, 1, 0, 0, 0, 0, 0, 0, 0, 0, 0, 0\n 0, 0, 0, 0, 0, 0, 0, 0, 0, 0, 0, 0]\n[0, 0, 0, 0, 0, 0, 0, 0, 0, 0, 0, 0, 0, 0\n 1, 0, 0, 0, 0, 0, 0, 0, 0, 0, 0, 0]\n[0, 0, 1, 0, 0, 0, 0, 0, 0, 0, 0, 0, 0, 0\n 0, 0, 0, 0, 0, 0, 0, 0, 0, 0, 0, 0]]"] ;
61 -> 62 ;
63 [label="X[3] <= 180.19\ngini = 0.333\nsamples = 2\nvalue = [[0, 0, 0, 1, 0, 0, 0, 1, 0, 0, 0, 0, 0, 0\n 0, 0, 0, 0, 0, 0, 0, 0, 0, 0, 0, 0]\n[0, 0, 0, 1, 0, 0, 0, 0, 0, 0, 0, 0, 0, 1\n 0, 0, 0, 0, 0, 0, 0, 0, 0, 0, 0, 0]\n[2, 0, 0, 0, 0, 0, 0, 0, 0, 0, 0, 0, 0, 0\n 0, 0, 0, 0, 0, 0, 0, 0, 0, 0, 0, 0]]"] ;
61 -> 63 ;
64 [label="gini = 0.0\nsamples = 1\nvalue = [[0, 0, 0, 1, 0, 0, 0, 0, 0, 0, 0, 0, 0, 0\n 0, 0, 0, 0, 0, 0, 0, 0, 0, 0, 0, 0]\n[0, 0, 0, 1, 0, 0, 0, 0, 0, 0, 0, 0, 0, 0\n 0, 0, 0, 0, 0, 0, 0, 0, 0, 0, 0, 0]\n[1, 0, 0, 0, 0, 0, 0, 0, 0, 0, 0, 0, 0, 0\n 0, 0, 0, 0, 0, 0, 0, 0, 0, 0, 0, 0]]"] ;
63 -> 64 ;
65 [label="gini = 0.0\nsamples = 1\nvalue = [[0, 0, 0, 0, 0, 0, 0, 1, 0, 0, 0, 0, 0, 0\n 0, 0, 0, 0, 0, 0, 0, 0, 0, 0, 0, 0]\n[0, 0, 0, 0, 0, 0, 0, 0, 0, 0, 0, 0, 0, 1\n 0, 0, 0, 0, 0, 0, 0, 0, 0, 0, 0, 0]\n[1, 0, 0, 0, 0, 0, 0, 0, 0, 0, 0, 0, 0, 0\n 0, 0, 0, 0, 0, 0, 0, 0, 0, 0, 0, 0]]"] ;
63 -> 65 ;
66 [label="X[3] <= 179.993\ngini = 0.667\nsamples = 3\nvalue = [[0, 1, 0, 0, 0, 1, 0, 0, 0, 0, 0, 1, 0, 0\n 0, 0, 0, 0, 0, 0, 0, 0, 0, 0, 0, 0]\n[0, 0, 1, 0, 0, 0, 0, 0, 0, 0, 1, 0, 0, 0\n 0, 0, 0, 0, 0, 0, 1, 0, 0, 0, 0, 0]\n[0, 0, 0, 1, 0, 0, 0, 0, 0, 0, 1, 0, 0, 0\n 0, 1, 0, 0, 0, 0, 0, 0, 0, 0, 0, 0]]"] ;
0 -> 66 [labeldistance=2.5, labelangle=-45, headlabel="False"] ;
67 [label="gini = 0.0\nsamples = 1\nvalue = [[0, 1, 0, 0, 0, 0, 0, 0, 0, 0, 0, 0, 0, 0\n 0, 0, 0, 0, 0, 0, 0, 0, 0, 0, 0, 0]\n[0, 0, 1, 0, 0, 0, 0, 0, 0, 0, 0, 0, 0, 0\n 0, 0, 0, 0, 0, 0, 0, 0, 0, 0, 0, 0]\n[0, 0, 0, 1, 0, 0, 0, 0, 0, 0, 0, 0, 0, 0\n 0, 0, 0, 0, 0, 0, 0, 0, 0, 0, 0, 0]]"] ;
66 -> 67 ;
68 [label="X[6] <= 0.074\ngini = 0.5\nsamples = 2\nvalue = [[0, 0, 0, 0, 0, 1, 0, 0, 0, 0, 0, 1, 0, 0\n 0, 0, 0, 0, 0, 0, 0, 0, 0, 0, 0, 0]\n[0, 0, 0, 0, 0, 0, 0, 0, 0, 0, 1, 0, 0, 0\n 0, 0, 0, 0, 0, 0, 1, 0, 0, 0, 0, 0]\n[0, 0, 0, 0, 0, 0, 0, 0, 0, 0, 1, 0, 0, 0\n 0, 1, 0, 0, 0, 0, 0, 0, 0, 0, 0, 0]]"] ;
66 -> 68 ;
69 [label="gini = 0.0\nsamples = 1\nvalue = [[0, 0, 0, 0, 0, 1, 0, 0, 0, 0, 0, 0, 0, 0\n 0, 0, 0, 0, 0, 0, 0, 0, 0, 0, 0, 0]\n[0, 0, 0, 0, 0, 0, 0, 0, 0, 0, 1, 0, 0, 0\n 0, 0, 0, 0, 0, 0, 0, 0, 0, 0, 0, 0]\n[0, 0, 0, 0, 0, 0, 0, 0, 0, 0, 0, 0, 0, 0\n 0, 1, 0, 0, 0, 0, 0, 0, 0, 0, 0, 0]]"] ;
68 -> 69 ;
70 [label="gini = 0.0\nsamples = 1\nvalue = [[0, 0, 0, 0, 0, 0, 0, 0, 0, 0, 0, 1, 0, 0\n 0, 0, 0, 0, 0, 0, 0, 0, 0, 0, 0, 0]\n[0, 0, 0, 0, 0, 0, 0, 0, 0, 0, 0, 0, 0, 0\n 0, 0, 0, 0, 0, 0, 1, 0, 0, 0, 0, 0]\n[0, 0, 0, 0, 0, 0, 0, 0, 0, 0, 1, 0, 0, 0\n 0, 0, 0, 0, 0, 0, 0, 0, 0, 0, 0, 0]]"] ;
68 -> 70 ;
}
